0,135589,0.1645,12.9510955368042
0,149939,0.1,14.506285662841798
0,397747,0.1,14.50628570251465
0,146873,0.1,14.50628567199707
0,692667,0.1001,14.504673880004884
0,753074,0.1,14.506285684204101
0,163257,0.1,14.50628570251465
0,435089,0.1,14.50628564453125
0,656771,0.1347,3.141509599685669
0,656819,0.1,14.506285696411133
0,153015,0.1,14.50628570251465
0,926131,0.1,14.50628570251465
0,463283,0.1472,13.743719635009766
0,662972,0.1,14.506285684204101
0,478643,0.117,14.232278112792969
0,612787,0.1,14.506285696411133
0,663985,0.1,14.506285690307617
0,987443,0.0999,14.507897482299805
0,162227,0.1,14.506285690307617
0,856375,0.1,14.50628567199707
0,136635,0.1099,14.344606448364258
0,954803,0.0999,14.50684567565918
