0.1743
0.1743
0.1743
0.1743
0.1699
0.1743
0.1743
0.1743
0.1743
0.1699
0.1743
0.1743
0.1743
0.1699
0.1743
0.1743
0.1743
0.1743
0.1699
0.1743
0.1743
0.1743
0.1743
0.1699
0.1743
0.1743
0.1743
0.1743
0.1699
0.1743
0.1743
0.1743
0.1743
0.1699
0.1743
0.1743
0.1743
0.1699
0.1743
0.1743
0.1743
0.1699
0.1743
0.1743
0.1743
0.1699
0.1743
0.1743
0.1743
0.1743
0.1699
0.1743
0.1743
0.1743
0.1699
0.1743
0.1743
0.1743
0.1743
0.1699
0.1743
0.1743
0.1743
0.1743
0.1699
0.1743
0.1743
0.1743
0.1743
0.1699
0.1743
0.1743
0.1743
0.1699
0.1743
0.1743
0.1743
0.1743
0.1699
0.1743
0.1743
0.1743
0.1743
0.1699
0.1743
0.1743
0.1743
0.1743
0.1699
0.1743
0.1743
0.1743
0.1699
0.1743
0.1743
0.1743
0.1743
0.1699
0.1743
0.1743
